#Res        AtomicFlx
   1.000       1.4288
   2.000       0.9024
   3.000       0.6933
   4.000       0.5477
   5.000       0.4730
   6.000       0.4811
   7.000       0.4853
   8.000       0.5234
   9.000       0.5730
  10.000       0.8600
  11.000       1.0259
  12.000       0.8892
  13.000       1.1267
  14.000       1.0200
  15.000       1.1084
  16.000       1.5309
  17.000       1.8320
  18.000       1.3706
  19.000       0.9000
  20.000       0.8221
  21.000       0.8482
  22.000       0.7420
  23.000       0.7538
  24.000       0.8171
  25.000       0.8376
  26.000       0.8760
  27.000       0.8225
  28.000       0.7772
  29.000       0.9873
  30.000       0.9682
  31.000       1.0191
  32.000       0.8995
  33.000       0.7655
  34.000       0.8073
  35.000       0.8191
  36.000       0.7435
  37.000       0.7136
  38.000       0.7911
  39.000       0.7399
  40.000       0.6963
  41.000       0.7939
  42.000       0.7738
  43.000       0.6541
  44.000       0.7877
  45.000       0.9129
  46.000       0.8819
  47.000       0.9051
  48.000       0.7425
  49.000       0.7571
  50.000       0.5892
  51.000       0.6103
  52.000       0.5783
  53.000       0.5004
  54.000       0.4519
  55.000       0.4805
  56.000       0.4818
  57.000       0.5778
  58.000       0.6203
  59.000       0.7767
  60.000       0.6698
  61.000       0.5620
  62.000       0.6524
  63.000       0.6358
  64.000       0.5897
  65.000       0.5926
  66.000       0.6795
  67.000       0.7111
  68.000       0.6569
  69.000       0.7369
  70.000       0.8609
  71.000       0.8149
  72.000       0.8043
  73.000       0.9909
  74.000       0.9049
  75.000       1.2220
  76.000       1.1456
  77.000       0.8149
  78.000       0.7943
  79.000       0.6878
  80.000       0.6036
  81.000       0.6045
  82.000       0.5661
  83.000       0.5852
  84.000       0.5661
  85.000       0.5125
  86.000       0.5414
  87.000       0.6018
  88.000       0.5419
  89.000       0.5507
  90.000       0.6189
  91.000       0.7521
  92.000       0.7663
  93.000       0.7274
  94.000       0.7121
  95.000       0.9482
  96.000       0.9132
  97.000       1.0136
  98.000       1.0612
  99.000       1.2465
 100.000       1.1599
 101.000       1.0034
 102.000       1.1755
 103.000       1.3764
 104.000       1.4083
 105.000       1.4627
 106.000       1.7411
 107.000       1.8421
 108.000       1.9037
 109.000       1.4632
 110.000       1.2895
 111.000       1.5127
 112.000       1.2815
 113.000       1.0268
 114.000       1.3190
 115.000       1.3395
 116.000       1.0276
 117.000       0.8592
 118.000       0.8318
 119.000       0.8279
 120.000       0.7304
 121.000       0.7604
 122.000       0.8165
 123.000       0.7858
 124.000       0.8723
 125.000       1.3085
 126.000       1.4871
 127.000       1.7797
 128.000       1.4385
 129.000       1.7353
 130.000       1.3688
 131.000       1.0869
 132.000       1.2964
 133.000       1.4134
 134.000       1.4271
 135.000       1.6550
 136.000       1.6766
 137.000       1.2731
 138.000       1.4481
 139.000       1.3573
 140.000       1.2092
 141.000       1.8196
 142.000       1.9220
 143.000       1.3254
 144.000       2.4810
 145.000       2.2817
 146.000       2.4280
 147.000       1.8114
 148.000       1.3977
 149.000       1.0326
 150.000       0.8113
 151.000       0.5941
 152.000       0.5547
 153.000       0.6137
 154.000       0.6835
 155.000       0.7142
 156.000       0.6379
 157.000       0.6158
 158.000       0.7135
 159.000       0.7846
 160.000       0.7124
 161.000       0.5937
 162.000       0.6705
 163.000       0.7772
 164.000       0.7302
 165.000       0.6323
 166.000       0.7044
 167.000       0.7861
 168.000       0.6878
 169.000       0.5622
 170.000       0.6268
 171.000       0.7441
 172.000       0.7212
 173.000       0.7302
 174.000       0.8965
 175.000       1.0174
 176.000       0.9735
 177.000       0.7118
 178.000       0.5794
 179.000       0.5144
 180.000       0.4666
 181.000       0.4491
 182.000       0.5127
 183.000       0.6240
 184.000       0.5716
 185.000       0.6379
 186.000       0.6732
 187.000       0.6254
 188.000       0.5990
 189.000       0.6347
 190.000       0.7084
 191.000       0.6298
 192.000       0.7020
 193.000       0.7476
 194.000       0.7968
 195.000       0.9433
 196.000       1.0835
 197.000       1.0974
 198.000       1.0309
 199.000       1.0873
 200.000       1.1062
 201.000       1.2653
 202.000       1.1259
 203.000       0.9200
 204.000       1.1917
 205.000       1.2953
 206.000       1.1072
 207.000       1.5066
 208.000       0.9058
 209.000       0.9005
 210.000       0.7312
 211.000       0.7605
 212.000       0.8435
 213.000       0.6387
 214.000       0.6085
 215.000       0.6056
 216.000       0.6581
 217.000       0.7444
 218.000       0.8032
 219.000       1.1819
 220.000       1.8795
 221.000       1.6336
 222.000       1.2916
 223.000       1.2142
 224.000       0.9664
 225.000       1.1330
 226.000       1.1835
 227.000       1.4934
 228.000       1.0900
 229.000       0.9367
 230.000       0.8931
 231.000       0.9317
 232.000       1.7759
 233.000       2.5305
 234.000       3.0847
 235.000       3.7721
 236.000       4.1860
 237.000       4.7637
 238.000       4.9165
 239.000       6.3904
