#Res        AtomicFlx
   1.000       1.4769
   2.000       0.9576
   3.000       0.7159
   4.000       0.5694
   5.000       0.4552
   6.000       0.4809
   7.000       0.5072
   8.000       0.5711
   9.000       0.8783
  10.000       2.1937
  11.000       1.3909
  12.000       1.0782
  13.000       1.5496
  14.000       1.2712
  15.000       1.8642
  16.000       2.6145
  17.000       2.3468
  18.000       2.0103
  19.000       1.1965
  20.000       1.1233
  21.000       1.2683
  22.000       1.0214
  23.000       1.0022
  24.000       1.1455
  25.000       1.2273
  26.000       1.1889
  27.000       1.3305
  28.000       1.0963
  29.000       1.1224
  30.000       1.1214
  31.000       1.0446
  32.000       1.0010
  33.000       0.9880
  34.000       0.8264
  35.000       0.7355
  36.000       0.7779
  37.000       0.8070
  38.000       0.7530
  39.000       0.6844
  40.000       0.6871
  41.000       0.7727
  42.000       0.7174
  43.000       0.6220
  44.000       0.7668
  45.000       0.8398
  46.000       0.8268
  47.000       0.9259
  48.000       0.7733
  49.000       0.8431
  50.000       0.6139
  51.000       0.6477
  52.000       0.6102
  53.000       0.5519
  54.000       0.5546
  55.000       0.5601
  56.000       0.5997
  57.000       0.7439
  58.000       0.8450
  59.000       1.2845
  60.000       1.7507
  61.000       1.2762
  62.000       0.9234
  63.000       1.6225
  64.000       1.7350
  65.000       1.0101
  66.000       0.9542
  67.000       1.1869
  68.000       0.8932
  69.000       0.7177
  70.000       0.8285
  71.000       0.8292
  72.000       0.9609
  73.000       0.9902
  74.000       0.8866
  75.000       1.0815
  76.000       1.0846
  77.000       0.8719
  78.000       0.8301
  79.000       0.7373
  80.000       0.6605
  81.000       0.6615
  82.000       0.6552
  83.000       0.6803
  84.000       0.6524
  85.000       0.6122
  86.000       0.6698
  87.000       0.7412
  88.000       0.7108
  89.000       0.7120
  90.000       0.7181
  91.000       0.7857
  92.000       0.8968
  93.000       0.8841
  94.000       0.8570
  95.000       1.1338
  96.000       1.2064
  97.000       1.7250
  98.000       1.9362
  99.000       2.2317
 100.000       1.8531
 101.000       1.2703
 102.000       1.7347
 103.000       2.1426
 104.000       1.9468
 105.000       1.6139
 106.000       1.7105
 107.000       1.7511
 108.000       1.8244
 109.000       1.3936
 110.000       1.2931
 111.000       1.5151
 112.000       1.3134
 113.000       1.1398
 114.000       1.3780
 115.000       1.4934
 116.000       1.1344
 117.000       1.0094
 118.000       0.9925
 119.000       0.9045
 120.000       0.8037
 121.000       0.7551
 122.000       0.8147
 123.000       0.8690
 124.000       1.2052
 125.000       1.7220
 126.000       2.1896
 127.000       2.4924
 128.000       1.8808
 129.000       2.0755
 130.000       1.5817
 131.000       1.6463
 132.000       1.7428
 133.000       1.6975
 134.000       1.7109
 135.000       2.1639
 136.000       2.4992
 137.000       2.3062
 138.000       2.6447
 139.000       2.4774
 140.000       1.7941
 141.000       2.1143
 142.000       2.0190
 143.000       1.5210
 144.000       2.0928
 145.000       2.3983
 146.000       2.0462
 147.000       1.5820
 148.000       1.6487
 149.000       1.5387
 150.000       1.1171
 151.000       0.6709
 152.000       0.6357
 153.000       0.7340
 154.000       0.7399
 155.000       0.7877
 156.000       0.7345
 157.000       0.6604
 158.000       0.7168
 159.000       0.8144
 160.000       0.7896
 161.000       0.6481
 162.000       0.6994
 163.000       0.8245
 164.000       0.7507
 165.000       0.5901
 166.000       0.6964
 167.000       0.8387
 168.000       0.7498
 169.000       0.6011
 170.000       0.6505
 171.000       0.8187
 172.000       0.7908
 173.000       0.7630
 174.000       0.9666
 175.000       1.1036
 176.000       1.0400
 177.000       0.7803
 178.000       0.6148
 179.000       0.5373
 180.000       0.4766
 181.000       0.4750
 182.000       0.5775
 183.000       0.7328
 184.000       0.7902
 185.000       0.9887
 186.000       0.6872
 187.000       0.6633
 188.000       0.5699
 189.000       0.6253
 190.000       0.7569
 191.000       0.6575
 192.000       0.6899
 193.000       0.7660
 194.000       0.7972
 195.000       0.9174
 196.000       1.0744
 197.000       1.0750
 198.000       1.0182
 199.000       1.0767
 200.000       1.1621
 201.000       1.2487
 202.000       1.0310
 203.000       0.8851
 204.000       1.1401
 205.000       1.1779
 206.000       1.0715
 207.000       1.6223
 208.000       0.8677
 209.000       0.8601
 210.000       0.7421
 211.000       0.6987
 212.000       0.7800
 213.000       0.6025
 214.000       0.5972
 215.000       0.5972
 216.000       0.6702
 217.000       0.7894
 218.000       0.9029
 219.000       1.6310
 220.000       2.7296
 221.000       2.2892
 222.000       1.5140
 223.000       1.4302
 224.000       1.2173
 225.000       1.7019
 226.000       1.4649
 227.000       1.6377
 228.000       1.1260
 229.000       0.9031
 230.000       0.8506
 231.000       0.8286
 232.000       1.4644
 233.000       2.5184
 234.000       2.5923
 235.000       2.3670
 236.000       2.0083
 237.000       2.6546
 238.000       4.0129
 239.000       6.2171
