#Res        AtomicFlx
   1.000       1.3528
   2.000       0.8419
   3.000       0.6464
   4.000       0.4907
   5.000       0.4128
   6.000       0.4311
   7.000       0.3967
   8.000       0.4321
   9.000       0.5963
  10.000       1.5580
  11.000       0.7595
  12.000       0.6964
  13.000       0.8649
  14.000       1.3819
  15.000       2.2019
  16.000       1.4484
  17.000       1.8311
  18.000       1.9427
  19.000       1.1349
  20.000       0.6690
  21.000       0.5535
  22.000       0.5187
  23.000       0.4688
  24.000       0.4977
  25.000       0.5405
  26.000       0.5760
  27.000       0.6643
  28.000       0.6636
  29.000       0.7636
  30.000       0.8221
  31.000       0.8713
  32.000       0.7680
  33.000       0.6759
  34.000       0.7490
  35.000       0.7605
  36.000       0.6705
  37.000       0.6734
  38.000       0.7465
  39.000       0.6720
  40.000       0.6007
  41.000       0.6775
  42.000       0.6638
  43.000       0.5423
  44.000       0.6574
  45.000       0.7861
  46.000       0.7810
  47.000       0.8221
  48.000       0.6724
  49.000       0.7087
  50.000       0.5216
  51.000       0.5392
  52.000       0.5225
  53.000       0.4635
  54.000       0.4226
  55.000       0.4328
  56.000       0.4210
  57.000       0.4836
  58.000       0.4588
  59.000       0.5164
  60.000       0.5068
  61.000       0.4710
  62.000       0.5030
  63.000       0.5059
  64.000       0.4716
  65.000       0.4892
  66.000       0.5523
  67.000       0.5422
  68.000       0.4988
  69.000       0.6213
  70.000       0.7478
  71.000       0.7208
  72.000       0.7088
  73.000       1.2420
  74.000       0.9892
  75.000       1.4229
  76.000       1.0958
  77.000       0.7918
  78.000       0.7420
  79.000       0.6179
  80.000       0.5874
  81.000       0.5415
  82.000       0.5341
  83.000       0.5063
  84.000       0.5062
  85.000       0.4551
  86.000       0.4300
  87.000       0.4085
  88.000       0.4145
  89.000       0.4458
  90.000       0.5420
  91.000       0.7056
  92.000       0.9258
  93.000       0.7355
  94.000       0.6564
  95.000       0.8363
  96.000       0.9515
  97.000       1.3377
  98.000       1.3851
  99.000       1.4480
 100.000       1.2673
 101.000       1.0327
 102.000       1.5100
 103.000       1.9695
 104.000       2.0546
 105.000       1.8424
 106.000       1.7874
 107.000       1.7377
 108.000       2.0130
 109.000       1.8411
 110.000       1.2390
 111.000       1.4158
 112.000       1.3772
 113.000       1.0255
 114.000       1.1357
 115.000       1.2826
 116.000       0.8987
 117.000       0.7455
 118.000       0.7807
 119.000       0.7851
 120.000       0.7256
 121.000       0.7475
 122.000       1.0034
 123.000       1.5338
 124.000       1.5001
 125.000       1.6803
 126.000       1.3612
 127.000       1.7099
 128.000       1.1523
 129.000       0.9574
 130.000       0.7396
 131.000       0.7807
 132.000       1.0096
 133.000       0.8831
 134.000       0.7626
 135.000       1.0338
 136.000       1.1259
 137.000       0.8893
 138.000       0.9410
 139.000       0.8120
 140.000       0.9539
 141.000       1.3131
 142.000       1.3725
 143.000       1.1254
 144.000       1.3348
 145.000       1.4800
 146.000       1.6477
 147.000       1.3384
 148.000       0.9882
 149.000       0.8458
 150.000       1.0805
 151.000       0.6740
 152.000       0.4825
 153.000       0.5375
 154.000       0.5403
 155.000       0.5822
 156.000       0.5422
 157.000       0.4944
 158.000       0.5423
 159.000       0.6032
 160.000       0.5654
 161.000       0.5559
 162.000       0.6718
 163.000       0.7686
 164.000       0.6747
 165.000       0.5456
 166.000       0.6605
 167.000       0.7882
 168.000       0.6905
 169.000       0.5437
 170.000       0.5762
 171.000       0.7275
 172.000       0.7098
 173.000       0.6738
 174.000       0.8400
 175.000       0.9597
 176.000       0.9025
 177.000       0.6640
 178.000       0.5230
 179.000       0.4705
 180.000       0.4272
 181.000       0.4324
 182.000       0.4250
 183.000       0.5209
 184.000       0.4235
 185.000       0.4840
 186.000       0.4654
 187.000       0.4597
 188.000       0.4586
 189.000       0.4893
 190.000       0.5888
 191.000       0.5438
 192.000       0.6027
 193.000       0.6624
 194.000       0.7083
 195.000       0.8261
 196.000       0.9397
 197.000       0.9906
 198.000       0.9214
 199.000       0.9174
 200.000       0.8880
 201.000       1.0107
 202.000       0.9093
 203.000       0.7411
 204.000       0.9332
 205.000       1.0374
 206.000       0.8264
 207.000       0.8229
 208.000       0.7265
 209.000       0.7935
 210.000       0.7005
 211.000       0.6582
 212.000       0.7874
 213.000       0.5778
 214.000       0.5691
 215.000       0.5379
 216.000       0.6125
 217.000       0.7182
 218.000       0.8104
 219.000       1.3021
 220.000       2.0704
 221.000       1.8789
 222.000       1.4034
 223.000       1.3726
 224.000       0.9457
 225.000       1.1137
 226.000       1.1708
 227.000       1.4561
 228.000       1.0744
 229.000       0.9000
 230.000       0.8468
 231.000       1.0162
 232.000       2.1646
 233.000       4.0776
