#Res        AtomicFlx
   1.000       3.5366
   2.000       1.7721
   3.000       1.0816
   4.000       0.8573
   5.000       0.5631
   6.000       0.4702
   7.000       0.4930
   8.000       0.4804
   9.000       0.5154
  10.000       0.4827
  11.000       0.7071
  12.000       1.1503
  13.000       0.9470
  14.000       0.9866
  15.000       1.0044
  16.000       1.2023
  17.000       1.3421
  18.000       1.4663
  19.000       1.3630
  20.000       0.7953
  21.000       0.6724
  22.000       0.6779
  23.000       0.5970
  24.000       0.5635
  25.000       0.6004
  26.000       0.6110
  27.000       0.7829
  28.000       0.7900
  29.000       0.8435
  30.000       0.9525
  31.000       0.9401
  32.000       0.9964
  33.000       0.8751
  34.000       0.7371
  35.000       0.7918
  36.000       0.7627
  37.000       0.6993
  38.000       0.7183
  39.000       0.7774
  40.000       0.7424
  41.000       0.7381
  42.000       0.8033
  43.000       0.7865
  44.000       0.7072
  45.000       0.7959
  46.000       0.9285
  47.000       0.9345
  48.000       0.9672
  49.000       0.8707
  50.000       0.8627
  51.000       0.6427
  52.000       0.6621
  53.000       0.5835
  54.000       0.4986
  55.000       0.4797
  56.000       0.4658
  57.000       0.4651
  58.000       0.5776
  59.000       0.5159
  60.000       0.5990
  61.000       0.5669
  62.000       0.4941
  63.000       0.5371
  64.000       0.5255
  65.000       0.4802
  66.000       0.4962
  67.000       0.5687
  68.000       0.5861
  69.000       0.6153
  70.000       0.6933
  71.000       0.7461
  72.000       0.8282
  73.000       0.8464
  74.000       0.8810
  75.000       0.9214
  76.000       1.3040
  77.000       1.0591
  78.000       0.7907
  79.000       0.7740
  80.000       0.6764
  81.000       0.6108
  82.000       0.5804
  83.000       0.5566
  84.000       0.5452
  85.000       0.5274
  86.000       0.4838
  87.000       0.4550
  88.000       0.4755
  89.000       0.4563
  90.000       0.4712
  91.000       0.5170
  92.000       0.5833
  93.000       0.6338
  94.000       0.5828
  95.000       0.5959
  96.000       0.8403
  97.000       0.8350
  98.000       1.0737
  99.000       1.1558
 100.000       1.2467
 101.000       1.0998
 102.000       0.9422
 103.000       1.1137
 104.000       1.2871
 105.000       1.2203
 106.000       1.1121
 107.000       1.2374
 108.000       1.2837
 109.000       1.1922
 110.000       0.9662
 111.000       0.9661
 112.000       1.0067
 113.000       0.8316
 114.000       0.7490
 115.000       0.8732
 116.000       0.9061
 117.000       0.8126
 118.000       0.7107
 119.000       0.7411
 120.000       0.7295
 121.000       0.6497
 122.000       0.6446
 123.000       0.6658
 124.000       0.6542
 125.000       0.7464
 126.000       1.0984
 127.000       1.3732
 128.000       1.6502
 129.000       1.2561
 130.000       1.4931
 131.000       1.1272
 132.000       1.0202
 133.000       1.1645
 134.000       1.2073
 135.000       1.0330
 136.000       1.0985
 137.000       1.4862
 138.000       1.4826
 139.000       1.6460
 140.000       1.7155
 141.000       1.2007
 142.000       1.4499
 143.000       1.4627
 144.000       0.9778
 145.000       1.0780
 146.000       1.6496
 147.000       1.8557
 148.000       1.1039
 149.000       0.7770
 150.000       0.7689
 151.000       0.7667
 152.000       0.4978
 153.000       0.4381
 154.000       0.5367
 155.000       0.5550
 156.000       0.5964
 157.000       0.5314
 158.000       0.4914
 159.000       0.5774
 160.000       0.6513
 161.000       0.6668
 162.000       0.5843
 163.000       0.6661
 164.000       0.7873
 165.000       0.6821
 166.000       0.5422
 167.000       0.6888
 168.000       0.8073
 169.000       0.6898
 170.000       0.5415
 171.000       0.6034
 172.000       0.7183
 173.000       0.6867
 174.000       0.6878
 175.000       0.8340
 176.000       0.9287
 177.000       0.9139
 178.000       0.8033
 179.000       0.7068
 180.000       0.5594
 181.000       0.4750
 182.000       0.4457
 183.000       0.4925
 184.000       0.5941
 185.000       0.4385
 186.000       0.5716
 187.000       0.4754
 188.000       0.4972
 189.000       0.5023
 190.000       0.5607
 191.000       0.6772
 192.000       0.5833
 193.000       0.6302
 194.000       0.7379
 195.000       0.7714
 196.000       0.8137
 197.000       0.9934
 198.000       1.0741
 199.000       0.9422
 200.000       0.9398
 201.000       0.9706
 202.000       1.0807
 203.000       0.9164
 204.000       0.7492
 205.000       0.8069
 206.000       0.9370
 207.000       0.8997
 208.000       1.1951
 209.000       0.8248
 210.000       0.8532
 211.000       0.7967
 212.000       0.9284
 213.000       0.8659
 214.000       0.6630
 215.000       0.6145
 216.000       0.5716
 217.000       0.6724
 218.000       0.9271
 219.000       0.9562
 220.000       1.2330
 221.000       1.6736
 222.000       1.5790
 223.000       1.2851
 224.000       1.2444
 225.000       1.0952
 226.000       1.3270
 227.000       1.4190
 228.000       1.5037
 229.000       1.0794
 230.000       0.9508
 231.000       0.9306
 232.000       1.0632
 233.000       2.2487
 234.000       4.2473
